11850008
12074562
12102002
12102003
12102005
12102011
12106220
12106221
12106222
12106223
12126497
12126498
12126499
12126500
12126501
12126502
12126503
12135414
12148984
12162512
12181300
12205069
12232244
12789647
12803199
12814335
12814341
12821498
12849901
12877029
12890068
12891572
12911307
12946694
12949835
12953426
12953594
12964429
12971530
12982199
12995359
12999223
13023487
13071142
13088434
13092078
13098989
13098990
13189024
13189727
13191037
13191138
13191139
13191140
13191141
13191142
13191394
13208410
13210804
13211102
13213322
13222414
13225687
13260924
13295423
13301577
13311130
13311131
13311132
13335396
13337585
13370600
13385467
13396874
13406245
165000288
165000329
165000352
165000353
165000399
165000410
165000499
165000514
165000521
165000522
165000549
165000553
165000554
165000568
165000583
